113.85572	9.11387  18,1  0  DG
116.82599	20.21427  18,1  0  DI
118.9		16.53793  18,2  89  Manila Trench
118.32874	9.94676  18,2  45  Palawan
116.87882	11.25436  18,1  0  RB
112.15046	16.51115  18,1  0  XI
112.30015	18.15337  18,1  0  XT
114.22554	15.76842  18,1  0  ZI
114.52554	21.5	18,1   0  PRMB
120.5		8	18,2   0  Sulu Sea
121.5		17	18,2   0  Luzon
109.5		19	18,1   0  HI	
107		13.5	18,2   90 Indochina Block
107.5		18.5	18,1   0	YB
112		24	18,2   0	South China Block
121.0		24	18,2   0	Taiwan
110		17	18,1   0     QB
114.5		7	18,2   45   Nansha Trough
108.7		20.5	18,1   0     BGB
119		22.5	18,1   0	 TB
110		14	18,1   90     ZJNB
